Classification Report — BiGRU
======================================================================
              precision    recall  f1-score   support

          TV       0.82      0.84      0.83        37
       after       0.85      0.63      0.72        35
    airplane       0.93      0.93      0.93        40
         all       0.84      0.67      0.74        39
   alligator       0.78      0.74      0.76        39
      animal       0.90      0.74      0.81        35
     another       0.70      0.84      0.77        37
         any       0.79      0.74      0.76        35
       apple       0.97      0.92      0.94        37
         arm       0.74      0.81      0.77        36
        aunt       0.88      0.97      0.93        38
       awake       0.44      0.42      0.43        38
    backyard       0.67      0.65      0.66        37
         bad       0.81      0.81      0.81        37
     balloon       0.86      0.82      0.84        39
        bath       0.70      0.76      0.73        34
     because       0.97      0.80      0.88        40
         bed       0.62      0.89      0.73        35
     bedroom       0.76      0.50      0.60        38
         bee       0.87      0.92      0.89        37
      before       0.88      0.66      0.75        35
      beside       0.37      0.45      0.41        31
      better       0.82      0.89      0.85        36
        bird       0.78      0.90      0.84        40
       black       0.88      0.95      0.91        38
        blow       0.80      0.82      0.81        39
        blue       0.76      0.94      0.84        36
        boat       0.79      0.81      0.80        37
        book       0.71      0.69      0.70        35
         boy       0.80      0.97      0.88        38
     brother       0.86      0.80      0.83        40
       brown       0.97      0.95      0.96        40
         bug       0.93      0.97      0.95        38
         bye       0.88      0.90      0.89        41
 callonphone       0.97      0.97      0.97        37
         can       0.59      0.61      0.60        36
         car       0.85      0.92      0.88        36
      carrot       0.91      0.84      0.88        38
         cat       0.73      0.69      0.71        39
      cereal       0.91      0.79      0.85        38
       chair       0.76      0.86      0.81        37
       cheek       0.82      0.84      0.83        37
       child       0.75      0.71      0.73        34
        chin       0.74      0.70      0.72        33
   chocolate       0.86      0.86      0.86        37
       clean       0.70      0.82      0.76        34
       close       0.81      0.70      0.75        37
      closet       0.86      0.86      0.86        37
       cloud       0.79      0.79      0.79        38
       clown       0.97      0.92      0.95        39
         cow       0.95      0.95      0.95        40
      cowboy       0.97      0.95      0.96        38
         cry       0.86      0.82      0.84        39
         cut       0.81      0.60      0.69        35
        cute       0.94      0.86      0.90        37
         dad       0.86      0.84      0.85        38
       dance       0.60      0.84      0.70        31
       dirty       0.94      0.89      0.91        36
         dog       0.78      0.86      0.82        37
        doll       0.91      0.97      0.94        40
      donkey       0.92      0.90      0.91        39
        down       0.74      0.88      0.80        32
      drawer       0.82      0.89      0.85        36
       drink       0.90      0.93      0.91        40
        drop       0.75      0.62      0.68        34
         dry       0.82      0.79      0.81        39
       dryer       0.82      0.73      0.77        37
        duck       0.77      0.73      0.75        41
         ear       0.82      0.89      0.86        37
    elephant       0.83      0.81      0.82        37
       empty       0.78      0.78      0.78        36
       every       0.79      0.81      0.80        37
         eye       0.88      0.77      0.82        39
        face       0.80      0.65      0.72        37
        fall       0.78      0.76      0.77        38
        farm       0.82      0.78      0.79        40
        fast       0.74      0.78      0.76        36
        feet       0.81      0.61      0.70        36
        find       0.95      0.88      0.91        40
        fine       0.69      0.71      0.70        35
      finger       0.81      0.66      0.72        38
      finish       0.83      0.90      0.86        39
     fireman       0.90      0.93      0.92        41
       first       0.90      0.95      0.93        40
        fish       0.72      0.74      0.73        38
        flag       0.88      0.76      0.82        38
      flower       0.87      0.89      0.88        38
        food       0.90      0.90      0.90        39
         for       0.95      0.95      0.95        38
 frenchfries       0.95      0.90      0.92        39
        frog       0.95      0.97      0.96        39
     garbage       0.78      0.86      0.82        37
        gift       0.63      0.87      0.73        38
     giraffe       0.90      0.70      0.79        37
        girl       0.77      0.79      0.78        38
        give       0.77      0.50      0.61        34
 glasswindow       0.74      0.79      0.77        39
          go       0.71      0.69      0.70        39
       goose       0.66      0.62      0.64        40
     grandma       0.82      0.71      0.76        38
     grandpa       0.85      0.92      0.88        37
       grass       0.89      0.84      0.86        38
       green       0.81      0.89      0.85        38
         gum       0.93      0.95      0.94        39
        hair       1.00      0.85      0.92        39
       happy       0.82      0.86      0.84        36
         hat       0.67      0.82      0.74        34
        hate       0.82      0.77      0.79        35
        have       0.72      0.76      0.74        34
      haveto       0.93      0.82      0.88        34
        head       0.80      0.92      0.85        38
        hear       0.80      0.78      0.79        41
  helicopter       0.85      0.76      0.80        37
       hello       0.90      0.92      0.91        39
         hen       0.95      0.92      0.93        38
     hesheit       0.78      0.82      0.80        34
        hide       0.75      0.67      0.71        36
        high       0.89      0.92      0.91        37
        home       0.92      0.92      0.92        39
       horse       1.00      0.95      0.97        39
         hot       0.92      0.89      0.91        38
      hungry       0.80      0.85      0.82        39
    icecream       0.91      0.97      0.94        40
          if       0.92      0.92      0.92        36
        into       0.67      0.56      0.61        36
      jacket       0.64      0.79      0.71        34
       jeans       0.69      0.66      0.68        38
        jump       0.65      0.74      0.69        38
        kiss       0.89      0.80      0.84        40
       kitty       0.74      0.74      0.74        38
        lamp       0.94      0.78      0.85        37
       later       0.88      0.97      0.93        38
        like       0.91      0.79      0.85        38
        lion       0.97      0.97      0.97        38
        lips       0.79      0.68      0.73        40
      listen       0.94      0.80      0.86        40
        look       0.94      0.71      0.81        41
        loud       0.78      0.84      0.81        37
         mad       0.92      0.87      0.89        38
        make       0.91      0.78      0.84        40
         man       0.81      0.87      0.84        39
        many       0.83      0.92      0.88        38
        milk       0.85      0.94      0.89        36
      minemy       0.86      0.86      0.86        37
      mitten       0.91      0.81      0.85        36
         mom       0.76      0.84      0.80        38
        moon       0.89      0.89      0.89        38
     morning       0.76      0.78      0.77        37
       mouse       0.80      0.85      0.82        41
       mouth       0.77      0.79      0.78        38
         nap       0.78      0.74      0.76        38
      napkin       0.92      0.82      0.87        40
       night       0.59      0.76      0.67        34
          no       0.88      0.78      0.83        37
       noisy       0.73      0.77      0.75        35
        nose       0.92      0.92      0.92        37
         not       0.80      0.86      0.83        37
         now       0.88      0.95      0.91        37
        nuts       0.90      0.90      0.90        41
         old       0.86      0.79      0.83        39
          on       0.61      0.75      0.68        36
        open       0.74      0.56      0.63        36
      orange       0.95      0.95      0.95        39
     outside       0.78      0.76      0.77        38
        owie       0.84      0.86      0.85        36
         owl       0.90      0.93      0.91        40
     pajamas       0.90      0.72      0.80        39
         pen       0.64      0.57      0.61        40
      pencil       0.66      0.71      0.68        38
       penny       0.83      0.87      0.85        39
      person       0.76      0.90      0.82        31
         pig       0.86      0.89      0.87        35
       pizza       0.87      0.82      0.85        40
      please       0.92      0.95      0.94        38
      police       0.97      0.79      0.87        38
        pool       0.73      0.83      0.78        36
       potty       0.74      0.80      0.77        35
     pretend       0.84      0.78      0.81        40
      pretty       0.79      0.87      0.83        39
       puppy       0.75      0.60      0.67        35
      puzzle       0.70      0.82      0.76        34
       quiet       0.83      0.81      0.82        36
       radio       0.93      0.95      0.94        39
        rain       0.74      0.84      0.78        37
        read       0.76      0.83      0.79        35
         red       0.85      0.81      0.83        36
refrigerator       0.82      0.82      0.82        34
        ride       0.74      0.68      0.71        34
        room       0.74      0.78      0.76        37
         sad       0.92      0.85      0.88        39
        same       0.86      0.89      0.88        36
         say       0.68      0.79      0.73        38
    scissors       0.77      0.83      0.80        36
         see       0.84      0.95      0.89        39
        shhh       0.91      0.98      0.94        41
       shirt       0.74      0.80      0.77        35
        shoe       0.77      0.94      0.85        35
      shower       0.89      0.86      0.88        37
        sick       0.94      0.89      0.92        38
       sleep       0.63      0.71      0.67        38
      sleepy       0.69      0.71      0.70        41
       smile       0.93      0.73      0.82        37
       snack       0.74      0.82      0.78        38
        snow       0.88      0.92      0.90        38
      stairs       0.88      0.76      0.82        38
        stay       0.70      0.81      0.75        37
      sticky       0.64      0.68      0.66        34
       store       0.83      0.89      0.86        38
       story       0.78      0.84      0.81        37
       stuck       0.86      0.91      0.88        33
         sun       0.85      0.87      0.86        39
       table       0.71      0.76      0.74        33
        talk       0.80      0.85      0.82        39
       taste       0.83      0.87      0.85        39
    thankyou       0.87      0.94      0.90        35
        that       0.82      0.74      0.78        38
       there       0.79      0.53      0.63        36
       think       0.92      0.87      0.89        39
     thirsty       0.79      0.94      0.86        36
       tiger       0.95      0.95      0.95        39
        time       0.68      0.76      0.72        37
    tomorrow       0.88      0.95      0.91        39
      tongue       0.88      0.81      0.84        36
       tooth       0.69      0.79      0.74        39
  toothbrush       0.84      0.82      0.83        39
       touch       0.90      0.76      0.82        37
         toy       0.94      0.78      0.85        37
        tree       0.82      0.71      0.76        38
       uncle       1.00      0.95      0.97        40
   underwear       0.82      0.73      0.77        37
          up       0.89      0.87      0.88        39
      vacuum       0.54      0.65      0.59        31
        wait       0.57      0.66      0.61        35
        wake       0.46      0.45      0.46        40
       water       0.94      0.85      0.89        39
         wet       0.76      0.69      0.72        36
        weus       0.81      0.81      0.81        37
       where       0.91      0.86      0.89        37
       white       0.89      0.86      0.88        37
         who       1.00      0.80      0.89        41
         why       0.94      0.91      0.93        35
        will       0.79      0.70      0.74        37
        wolf       0.83      0.92      0.88        38
      yellow       0.92      0.87      0.89        38
         yes       0.68      0.74      0.71        38
   yesterday       0.90      0.90      0.90        40
    yourself       0.87      0.87      0.87        39
       yucky       0.74      0.84      0.78        37
       zebra       0.86      0.97      0.91        38
      zipper       0.62      0.77      0.69        30

    accuracy                           0.82      9344
   macro avg       0.82      0.81      0.81      9344
weighted avg       0.82      0.82      0.82      9344
